354.4189 552.0 188
354.7485 554.0 188
355.0781 556.0 188
355.4022 556.0 188
355.6824 560.0 188
356.0120 562.0 188
356.3416 562.0 188
356.6821 564.0 188
357.0117 566.0 188
357.3413 570.0 188
357.6709 570.0 188
357.9510 572.0 188
358.2806 576.0 188
358.6047 578.0 188
358.9343 580.0 188
359.2639 582.0 188
359.6045 584.0 188
359.8737 586.0 188
0.1978 588.0 188
0.5438 590.0 188
0.8734 594.0 188
1.2030 596.0 188
1.5271 598.0 188
1.8073 602.0 188
2.1368 604.0 188
2.4664 606.0 188
2.7960 608.0 188
3.1366 612.0 188
3.4662 614.0 188
3.7299 616.0 188
4.1199 612.0 188
5.7184 624.0 188
6.0590 622.0 188
6.3885 620.0 188
6.7181 618.0 188
7.0422 618.0 188
7.3718 616.0 188
7.7618 614.0 188
8.0914 612.0 188
8.4375 612.0 188
8.7616 610.0 188
9.0912 610.0 188
9.4208 608.0 188
9.7449 608.0 188
10.0745 606.0 188
10.4205 604.0 188
10.7446 604.0 188
11.0742 602.0 188
11.4038 602.0 188
11.7334 602.0 188
12.0740 600.0 188
12.4530 598.0 188
12.7936 598.0 188
13.1232 596.0 188
13.4528 596.0 188
13.7769 594.0 188
14.1064 594.0 188
14.4360 592.0 188
14.7766 592.0 188
15.1062 590.0 188
15.4358 590.0 188
15.7654 590.0 188
16.0895 588.0 188
16.4355 588.0 188
16.7651 588.0 188
17.0892 588.0 188
17.4188 588.0 188
17.7484 588.0 188
18.1384 584.0 188
18.4680 582.0 188
18.7921 584.0 188
19.1382 584.0 188
19.4678 582.0 188
19.7919 582.0 188
20.1215 582.0 188
20.4510 582.0 188
20.7916 580.0 188
21.1212 580.0 188
21.4508 580.0 188
21.7804 580.0 188
22.1045 580.0 188
22.4506 578.0 188
22.7802 578.0 188
23.1042 578.0 188
23.4338 578.0 188
23.7634 578.0 188
24.0930 578.0 188
25.0269 586.0 188
26.0596 1936.0 188
26.3892 1942.0 188
26.7297 1950.0 188
27.0593 1954.0 188
27.3889 1958.0 188
27.7185 1962.0 188
28.0426 1972.0 188
28.3722 1982.0 188
28.7183 1992.0 188
29.0424 1998.0 188
29.3719 2006.0 188
29.7015 2012.0 188
30.0311 2018.0 188
30.3717 2024.0 188
30.7013 2030.0 188
31.0309 2034.0 188
31.3550 2038.0 188
31.6846 2042.0 188
32.0306 2048.0 188
32.2943 2056.0 188
32.6239 2064.0 188
32.9480 2072.0 188
33.2941 2080.0 188
33.6237 2088.0 188
33.9478 2092.0 188
34.2773 2096.0 188
34.6069 2104.0 188
34.9530 2112.0 188
35.2771 2120.0 188
35.6067 2128.0 188
35.9363 2136.0 188
36.2604 2144.0 188
36.6064 2152.0 188
36.9360 2160.0 188
37.2656 2172.0 188
37.5897 2180.0 188
37.9193 2188.0 188
38.2489 2192.0 188
38.5895 2200.0 188
38.9191 2212.0 188
39.2487 2224.0 188
39.5728 2232.0 188
39.8584 2236.0 188
40.1825 2244.0 188
40.5121 2256.0 188
40.8417 2272.0 188
41.1823 2284.0 188
41.5118 2288.0 188
41.8414 2296.0 188
42.1710 2304.0 188
42.4951 2312.0 188
42.8412 2332.0 188
43.1708 2348.0 188
43.4949 2360.0 188
43.8245 2368.0 188
44.1541 2376.0 188
44.4836 2384.0 188
44.8242 2392.0 188
45.1538 2408.0 188
45.4834 2428.0 188
45.8075 2444.0 188
46.1371 2452.0 188
46.4172 2460.0 188
46.7468 2472.0 188
47.0764 2488.0 188
47.4170 2500.0 188
47.7466 2516.0 188
48.0762 2528.0 188
48.4058 2540.0 188
48.7299 2556.0 188
49.0759 2576.0 188
49.4055 2556.0 188
49.7296 2520.0 188
50.0592 2520.0 188
50.3888 2552.0 188
50.7184 2584.0 188
51.0590 2572.0 188
51.3885 2552.0 188
51.7181 2548.0 188
52.0422 2540.0 188
52.3718 2536.0 188
52.7179 2532.0 188
53.0420 2524.0 188
53.3716 2520.0 188
53.7012 2512.0 188
54.0308 2508.0 188
54.3713 2504.0 188
54.7009 2500.0 188
55.0305 2496.0 188
55.3546 2492.0 188
55.6842 2480.0 188
56.0303 2468.0 188
56.3544 2464.0 188
56.7499 2436.0 188
57.0740 2400.0 188
57.4036 2388.0 188
57.7332 2384.0 188
58.0573 2376.0 188
58.3868 2372.0 188
58.7329 2364.0 188
59.0625 2360.0 188
59.3866 2356.0 188
59.7162 2352.0 188
60.0458 2356.0 188
60.3864 2360.0 188
60.7159 2364.0 188
61.0455 2360.0 188
61.3696 2352.0 188
61.6992 2348.0 188
62.0453 2344.0 188
62.3749 2348.0 188
62.6990 2352.0 188
63.0286 2344.0 188
63.3582 2340.0 188
63.6987 2340.0 188
64.0283 2336.0 188
64.7479 2216.0 188
65.0775 2208.0 188
65.4016 2204.0 188
65.7312 2200.0 188
66.0773 2196.0 188
66.4014 2188.0 188
67.0605 2188.0 188
67.3407 2344.0 188
67.6703 2344.0 188
67.9999 2344.0 188
68.3240 2344.0 188
68.6700 2340.0 188
68.9996 2340.0 188
69.3237 2340.0 188
69.6533 2340.0 188
69.9829 2336.0 188
70.3235 2336.0 188
70.6531 2336.0 188
70.9827 2332.0 188
71.3123 2332.0 188
71.6364 2332.0 188
71.9824 2332.0 188
72.3120 2332.0 188
72.6361 2332.0 188
72.9657 2332.0 188
73.2953 2328.0 188
73.6359 2328.0 188
73.9655 2328.0 188
74.2950 2324.0 188
74.6246 2324.0 188
74.9487 2328.0 188
75.2948 2328.0 188
75.6244 2328.0 188
75.9485 2328.0 188
76.2781 2328.0 188
76.6077 2292.0 188
76.9482 2256.0 188
77.2778 2256.0 188
77.6074 2256.0 188
77.9370 2264.0 188
78.2611 2296.0 188
78.6072 2328.0 188
78.9368 2332.0 188
79.2609 2332.0 188
79.5905 2332.0 188
79.9200 2332.0 188
80.2606 2328.0 188
80.5902 2328.0 188
80.9198 2332.0 188
81.2494 2332.0 188
81.5735 2332.0 188
81.9196 2332.0 188
82.2491 2336.0 188
82.5732 2336.0 188
82.9028 2336.0 188
83.2324 2336.0 188
83.5620 2336.0 188
83.9026 2340.0 188
84.2322 2340.0 188
84.5618 2344.0 188
84.8859 2344.0 188
85.2319 2344.0 188
85.5615 2348.0 188
85.8856 2348.0 188
86.2152 2348.0 188
86.5448 2352.0 188
86.8744 2356.0 188
87.2150 2364.0 188
87.5446 2364.0 188
87.8741 2364.0 188
88.1982 2368.0 188
88.5278 2372.0 188
88.8574 2376.0 188
89.1870 2380.0 188
89.5276 2388.0 188
89.8572 2392.0 188
90.1868 2396.0 188
90.5109 2400.0 188
90.8405 2404.0 188
91.1700 2408.0 188
91.5106 2412.0 188
91.8402 2416.0 188
92.1698 2420.0 188
92.4994 2420.0 188
92.8235 2412.0 188
93.1531 2400.0 188
93.4991 2396.0 188
93.8232 2400.0 188
94.1528 2404.0 188
94.4824 2412.0 188
94.8120 2416.0 188
95.1361 2420.0 188
95.4822 2424.0 188
95.8118 2424.0 188
96.1359 2428.0 188
96.4655 2432.0 188
96.7950 2436.0 188
97.1246 2444.0 188
97.4652 2452.0 188
97.7948 2452.0 188
98.1244 2456.0 188
98.4045 2460.0 188
98.7341 2472.0 188
99.0582 2484.0 188
99.3878 2488.0 188
99.7174 2492.0 188
100.0415 2500.0 188
100.3876 2504.0 188
100.7172 2512.0 188
101.0468 2520.0 188
101.3708 2524.0 188
101.7004 2532.0 188
102.0300 2540.0 188
102.3706 2548.0 188
102.7002 2552.0 188
103.0298 2560.0 188
103.3594 2572.0 188
103.6835 2580.0 188
104.0131 2584.0 188
104.3591 2596.0 188
104.6832 2604.0 188
105.0128 2612.0 188
105.3424 2620.0 188
105.6665 2628.0 188
105.9961 2628.0 188
106.3422 2624.0 188
106.6718 2620.0 188
106.9958 2636.0 188
107.3254 2668.0 188
107.6550 2688.0 188
107.9791 2696.0 188
108.3252 2704.0 188
108.6548 2712.0 188
108.9844 2728.0 188
109.2480 2740.0 188
109.5886 2748.0 188
109.9182 2756.0 188
110.2478 2760.0 188
110.5774 2756.0 188
110.9015 2764.0 188
111.2311 2780.0 188
111.5771 2788.0 188
111.9012 2800.0 188
112.2308 2808.0 188
112.5604 2820.0 188
113.4998 3204.0 188
113.8239 3208.0 188
114.1534 3204.0 188
114.4995 3208.0 188
114.8236 3216.0 188
115.1532 3228.0 188
115.4828 3232.0 188
115.8124 3204.0 188
116.1365 3156.0 188
116.4825 3096.0 188
116.8561 3056.0 188
117.2021 3048.0 188
117.5262 3064.0 188
117.7954 3080.0 188
118.1360 3100.0 188
118.4656 3128.0 188
118.7952 3152.0 188
119.1248 3172.0 188
119.4489 3188.0 188
119.7949 3200.0 188
120.1245 3228.0 188
120.4486 3284.0 188
120.7782 3332.0 188
121.1243 3336.0 188
121.4484 3340.0 188
121.7780 3344.0 188
122.1075 3352.0 188
122.4371 3364.0 188
122.7777 3368.0 188
123.1073 3368.0 188
123.4369 3384.0 188
123.7610 3392.0 188
124.4366 3404.0 188
124.7607 3264.0 188
125.0903 3240.0 188
125.4199 3224.0 188
125.7495 3212.0 188
126.0901 3220.0 188
126.4197 3240.0 188
126.7493 3252.0 188
127.0734 3264.0 188
127.4030 3276.0 188
128.0731 3460.0 188
128.4027 3508.0 188
128.6829 3528.0 188
129.0125 3536.0 188
129.3420 3552.0 188
129.6716 3572.0 188
130.0122 3580.0 188
130.3418 3588.0 188
130.6714 3604.0 188
130.9955 3612.0 188
131.3251 3620.0 188
131.6711 3572.0 188
132.3248 3524.0 188
133.2642 4160.0 188
134.3079 3696.0 188
134.6375 3720.0 188
134.9835 3768.0 188
135.3076 3804.0 188
135.6372 3800.0 188
136.2964 3800.0 188
136.6370 3808.0 188
137.2961 3776.0 188
137.6202 3880.0 188
137.9663 3852.0 188
138.2959 3872.0 188
139.2792 3884.0 188
139.6198 3864.0 188
139.9493 3892.0 188
140.2789 3920.0 188
140.6085 3956.0 188
140.9326 4004.0 188
141.2787 4060.0 188
142.2180 4104.0 188
145.1074 538.0 188
145.4974 524.0 188
146.6071 512.0 188
147.1509 470.0 188
147.8265 469.0 188
148.2605 450.0 188
148.6560 446.0 188
148.9801 440.0 188
149.3701 433.0 188
149.7656 427.0 188
150.1556 422.0 188
150.5292 416.0 188
151.3696 396.0 188
151.6992 393.0 188
152.3584 394.0 188
152.8583 378.0 188
153.7482 356.0 188
154.0778 352.0 188
154.9512 333.0 188
155.3412 329.0 188
155.7312 325.0 188
156.1212 321.0 188
156.9507 311.0 188
157.2144 314.0 188
158.2635 310.0 188
158.6536 306.0 188
159.0436 303.0 188
159.4830 296.0 188
160.4828 296.0 188
160.7465 299.0 188
161.0760 297.0 188
161.4661 293.0 188
161.8561 292.0 188
162.1857 291.0 188
162.5153 290.0 188
162.8394 290.0 188
163.2294 289.0 188
163.5590 288.0 188
163.8885 287.0 188
164.2181 286.0 188
164.6082 285.0 188
164.9323 284.0 188
165.2618 285.0 188
165.6079 284.0 188
165.9375 284.0 188
166.2616 283.0 188
166.5912 283.0 188
166.9208 283.0 188
167.3108 282.0 188
167.5745 283.0 188
167.9645 282.0 188
168.2941 282.0 188
168.6237 282.0 188
168.9038 283.0 188
169.2334 283.0 188
169.5575 283.0 188
169.8871 284.0 188
170.2332 285.0 188
170.5573 285.0 188
170.8264 286.0 188
171.1560 287.0 188
171.4966 288.0 188
171.8262 289.0 188
172.1558 289.0 188
172.4194 291.0 188
172.7655 291.0 188
173.0292 293.0 188
173.3588 294.0 188
173.6829 294.0 188
174.0125 295.0 188
174.3585 296.0 188
174.6222 298.0 188
174.9518 299.0 188
175.2319 300.0 188
175.5615 300.0 188
175.8856 302.0 188
176.2152 303.0 188
176.4954 304.0 188
176.8250 306.0 188
177.1051 308.0 188
177.4347 309.0 188
177.7643 310.0 188
178.0280 312.0 188
178.3740 314.0 188
178.6377 316.0 188
178.9673 319.0 188
179.2474 321.0 188
179.5111 324.0 188
179.7968 328.0 188
180.1208 332.0 188
180.6702 339.0 188
181.7963 538.0 188
182.1368 540.0 188
182.4664 542.0 188
182.7960 542.0 188
183.1201 544.0 188
183.4497 544.0 188
183.7958 546.0 188
184.0594 548.0 188
184.3890 550.0 188
184.7186 552.0 188
185.0592 554.0 188
185.3888 556.0 188
185.7184 558.0 188
185.9985 560.0 188
186.3281 566.0 188
186.6522 570.0 188
186.9214 572.0 188
187.2620 576.0 188
187.5916 580.0 188
187.9211 584.0 188
188.2013 590.0 188
188.5309 596.0 188
188.7946 604.0 188
189.1241 610.0 188
189.4043 616.0 188
189.7339 622.0 188
190.0580 628.0 188
190.3436 632.0 188
190.6677 638.0 188
190.9973 640.0 188
191.6071 660.0 188
191.9366 650.0 188
192.2607 648.0 188
192.6563 644.0 188
193.3704 616.0 188
193.7604 610.0 188
194.0900 610.0 188
194.4196 610.0 188
194.7491 610.0 188
195.0732 610.0 188
195.4193 612.0 188
195.7489 612.0 188
196.0730 614.0 188
196.4026 614.0 188
196.7322 614.0 188
197.0618 608.0 188
197.4023 606.0 188
197.7319 606.0 188
198.0615 608.0 188
198.3856 612.0 188
198.6713 616.0 188
198.9954 618.0 188
199.3250 618.0 188
199.6545 622.0 188
199.9841 622.0 188
200.3082 622.0 188
200.6543 624.0 188
200.9839 624.0 188
201.3080 624.0 188
201.6376 624.0 188
201.9672 622.0 188
202.6373 624.0 188
203.9063 634.0 188
204.5599 640.0 188
204.8895 634.0 188
205.2795 630.0 188
205.5597 638.0 188
205.8893 642.0 188
206.1530 648.0 188
206.4825 650.0 188
206.8231 654.0 188
207.1527 654.0 188
207.4823 654.0 188
207.8119 658.0 188
208.0920 670.0 188
208.4216 674.0 188
209.4049 672.0 188
209.6246 718.0 188
210.2344 734.0 188
210.6244 718.0 188
210.9485 706.0 188
211.3385 696.0 188
211.6681 690.0 188
211.9977 684.0 188
212.3877 680.0 188
212.7173 676.0 188
213.0469 672.0 188
213.3710 668.0 188
213.7610 664.0 188
214.0906 662.0 188
214.4366 660.0 188
214.7607 658.0 188
215.0903 656.0 188
215.4199 656.0 188
215.7495 654.0 188
216.0901 654.0 188
216.4197 654.0 188
216.7493 654.0 188
217.0734 654.0 188
217.4194 654.0 188
217.7490 654.0 188
218.0731 654.0 188
218.4027 654.0 188
218.7323 656.0 188
219.0729 656.0 188
219.4025 660.0 188
219.7321 664.0 188
220.0122 668.0 188
220.3418 672.0 188
220.6714 678.0 188
220.9515 684.0 188
221.2811 688.0 188
221.6052 690.0 188
221.9348 690.0 188
222.2644 690.0 188
222.6050 690.0 188
222.9346 686.0 188
223.2642 684.0 188
223.5938 684.0 188
223.9343 684.0 188
224.2639 684.0 188
224.6539 682.0 188
224.9176 684.0 188
225.2472 686.0 188
225.5933 688.0 188
225.9174 692.0 188
226.2469 696.0 188
226.5765 700.0 188
226.8567 708.0 188
227.1863 716.0 188
228.1201 728.0 188
228.8397 1096.0 188
229.1693 1088.0 188
229.4989 1082.0 188
229.8230 1072.0 188
230.2185 1064.0 188
230.5426 1056.0 188
230.8722 1046.0 188
231.2183 1040.0 188
231.5424 1034.0 188
231.8719 1026.0 188
232.2620 1018.0 188
232.5916 1012.0 188
232.9211 1004.0 188
233.2452 998.0 188
233.5913 992.0 188
233.9209 986.0 188
234.3109 978.0 188
234.6405 974.0 188
234.9646 966.0 188
235.2942 962.0 188
235.6238 956.0 188
235.9644 950.0 188
236.3434 944.0 188
236.6840 938.0 188
237.0135 932.0 188
237.3431 926.0 188
237.6672 922.0 188
237.9968 916.0 188
238.3429 912.0 188
238.7164 906.0 188
239.0625 900.0 188
239.3866 896.0 188
239.7162 892.0 188
240.0458 888.0 188
240.3699 884.0 188
240.7654 878.0 188
241.0895 872.0 188
241.4355 868.0 188
241.7651 864.0 188
242.0892 860.0 188
242.4188 856.0 188
242.7649 852.0 188
243.1384 846.0 188
243.4790 844.0 188
243.8086 838.0 188
244.1382 834.0 188
244.4678 832.0 188
244.7919 828.0 188
245.1379 824.0 188
245.4675 820.0 188
245.8575 816.0 188
246.1871 812.0 188
246.5112 810.0 188
246.8408 806.0 188
247.1869 802.0 188
247.5110 800.0 188
247.8406 796.0 188
248.1702 794.0 188
248.5602 790.0 188
248.9063 788.0 188
249.9500 762.0 188
256.0913 696.0 188
257.4207 696.0 188
257.7448 700.0 188
258.0304 714.0 188
258.3545 720.0 188
258.7006 718.0 188
259.0302 716.0 188
259.3542 714.0 188
259.6838 712.0 188
260.0299 712.0 188
260.3540 710.0 188
260.6836 706.0 188
261.0132 704.0 188
261.3593 704.0 188
261.7328 702.0 188
262.0734 700.0 188
262.4030 698.0 188
262.7325 698.0 188
263.0621 696.0 188
263.4027 694.0 188
263.7323 694.0 188
264.0619 692.0 188
264.3860 692.0 188
264.7321 690.0 188
265.0616 688.0 188
265.3857 688.0 188
265.7153 686.0 188
266.0614 686.0 188
266.3855 684.0 188
266.7151 684.0 188
267.1051 682.0 188
267.4347 680.0 188
267.7643 680.0 188
268.1049 678.0 188
268.4344 678.0 188
268.7640 678.0 188
269.0936 676.0 188
269.4342 674.0 188
269.7638 674.0 188
270.0934 674.0 188
270.4175 672.0 188
270.7635 672.0 188
271.0931 672.0 188
271.4172 670.0 188
271.7468 670.0 188
272.0929 668.0 188
272.4170 668.0 188
272.7466 668.0 188
273.0762 668.0 188
273.4167 666.0 188
273.7463 666.0 188
274.0759 666.0 188
274.4659 664.0 188
274.7955 664.0 188
275.1361 664.0 188
275.4657 664.0 188
275.7953 662.0 188
276.1249 662.0 188
276.4655 662.0 188
276.7950 662.0 188
277.1246 662.0 188
277.4487 662.0 188
277.7783 660.0 188
278.1244 660.0 188
278.4485 660.0 188
278.7781 660.0 188
279.1077 660.0 188
279.4482 660.0 188
279.7778 660.0 188
280.1074 660.0 188
280.4370 660.0 188
280.7776 660.0 188
281.1072 660.0 188
281.4368 660.0 188
281.7609 660.0 188
282.0905 660.0 188
282.4365 658.0 188
282.7606 660.0 188
283.0902 660.0 188
283.4198 660.0 188
283.7604 660.0 188
284.0900 660.0 188
284.4196 660.0 188
284.7491 660.0 188
285.0897 660.0 188
285.4193 660.0 188
285.7489 660.0 188
286.0730 660.0 188
286.4026 662.0 188
286.7487 662.0 188
287.0728 662.0 188
287.4023 662.0 188
287.7319 662.0 188
288.0780 662.0 188
288.4021 662.0 188
288.7317 664.0 188
289.0613 664.0 188
289.3854 664.0 188
289.6710 666.0 188
289.9951 666.0 188
290.3412 666.0 188
290.6708 666.0 188
290.9949 668.0 188
291.3245 668.0 188
291.6705 668.0 188
291.9946 670.0 188
292.3242 670.0 188
292.6538 670.0 188
292.9834 672.0 188
293.3240 672.0 188
293.6536 674.0 188
293.9832 674.0 188
294.3073 674.0 188
294.6533 676.0 188
294.9829 676.0 188
295.3125 678.0 188
295.6366 678.0 188
295.9662 680.0 188
296.3123 680.0 188
296.6364 682.0 188
296.9659 682.0 188
297.2955 682.0 188
297.5757 684.0 188
297.9053 684.0 188
298.2294 686.0 188
298.5754 688.0 188
298.9050 690.0 188
299.2291 690.0 188
299.5587 692.0 188
299.9048 692.0 188
300.2344 694.0 188
300.5585 694.0 188
300.8881 696.0 188
301.2341 698.0 188
301.5582 700.0 188
301.8878 700.0 188
302.2174 702.0 188
302.4976 704.0 188
302.8271 706.0 188
303.1512 708.0 188
303.4973 708.0 188
303.8269 710.0 188
304.1510 712.0 188
304.4806 714.0 188
304.8102 716.0 188
305.1563 718.0 188
305.4803 720.0 188
305.8099 722.0 188
306.1395 722.0 188
306.4197 724.0 188
306.7493 726.0 188
307.0734 728.0 188
307.4194 730.0 188
307.7490 732.0 188
308.0731 734.0 188
308.4027 736.0 188
308.7488 738.0 188
309.0729 740.0 188
309.4025 742.0 188
309.6826 746.0 188
310.0122 748.0 188
310.3418 750.0 188
310.6824 752.0 188
311.0120 754.0 188
311.3416 758.0 188
311.6711 760.0 188
312.0117 762.0 188
312.3413 764.0 188
312.6709 768.0 188
312.9510 770.0 188
313.2806 772.0 188
313.6047 776.0 188
313.9508 778.0 188
314.2804 780.0 188
314.6045 784.0 188
314.9341 788.0 188
315.2802 790.0 188
315.5438 794.0 188
315.8899 796.0 188
316.2140 800.0 188
316.5436 802.0 188
316.8732 806.0 188
317.2137 808.0 188
317.5433 812.0 188
317.8729 816.0 188
318.2025 818.0 188
318.4827 822.0 188
318.8123 826.0 188
319.1528 830.0 188
319.4824 834.0 188
319.8120 836.0 188
320.1361 840.0 188
320.4822 844.0 188
320.7458 848.0 188
321.0919 852.0 188
321.4215 856.0 188
321.7456 860.0 188
322.0752 864.0 188
322.4213 868.0 188
322.7454 872.0 188
323.0750 876.0 188
323.3551 882.0 188
326.2006 407.0 188
326.5302 405.0 188
326.8542 406.0 188
327.2003 408.0 188
327.4640 410.0 188
327.8101 413.0 188
328.1396 415.0 188
328.4198 418.0 188
328.7494 420.0 188
329.0735 422.0 188
329.3591 424.0 188
329.6832 427.0 188
330.0128 430.0 188
330.2930 433.0 188
330.6226 435.0 188
330.9521 437.0 188
331.2323 440.0 188
331.5619 443.0 188
331.9025 446.0 188
332.1716 449.0 188
332.5122 452.0 188
332.8418 455.0 188
333.1219 458.0 188
333.4515 461.0 188
333.7317 464.0 188
334.0613 468.0 188
334.3854 471.0 188
334.6710 474.0 188
334.9951 476.0 188
335.3247 478.0 188
335.6543 480.0 188
335.9344 486.0 188
336.2146 493.0 188
336.5442 495.0 188
336.8738 493.0 188
337.2144 493.0 188
337.5439 493.0 188
337.8735 493.0 188
338.2031 494.0 188
338.5437 494.0 188
338.8733 495.0 188
339.2029 496.0 188
339.5270 496.0 188
339.8730 497.0 188
340.2026 498.0 188
340.5267 499.0 188
340.8563 500.0 188
341.2024 500.0 188
341.5265 501.0 188
341.8121 502.0 188
342.1362 503.0 188
342.4658 504.0 188
342.7954 505.0 188
343.1250 506.0 188
343.4491 506.0 188
343.7952 507.0 188
344.1248 509.0 188
344.4489 510.0 188
344.7784 512.0 188
345.1080 512.0 188
345.4321 512.0 188
345.7178 514.0 188
346.0419 514.0 188
346.3715 516.0 188
346.7175 518.0 188
347.0416 518.0 188
347.3712 518.0 188
347.7008 520.0 188
348.0304 522.0 188
348.3545 522.0 188
348.6401 524.0 188
348.9642 526.0 188
349.2938 526.0 188
349.6234 528.0 188
349.9640 530.0 188
350.2936 532.0 188
350.6232 534.0 188
350.8868 536.0 188
351.2329 538.0 188
351.5625 536.0 188
351.8866 536.0 188
352.2162 540.0 188
352.5458 542.0 188
352.8699 544.0 188
353.2159 546.0 188
353.5455 546.0 188
353.8092 548.0 188
