354.0289 614.0 188
354.3256 610.0 188
354.6222 608.0 188
354.9188 606.0 188
355.2155 606.0 188
355.5121 602.0 188
355.8087 602.0 188
356.1053 600.0 188
356.4679 598.0 188
356.7645 596.0 188
357.0612 594.0 188
357.3578 592.0 188
357.6544 592.0 188
357.9510 590.0 188
358.2642 588.0 188
358.5608 588.0 188
358.8574 586.0 188
359.1980 584.0 188
359.4946 582.0 188
359.8077 580.0 188
0.1044 580.0 188
0.4010 578.0 188
0.7031 576.0 188
0.9998 576.0 188
1.2964 574.0 188
1.5930 572.0 188
1.8896 572.0 188
2.2467 570.0 188
2.5433 568.0 188
2.8400 566.0 188
3.1366 566.0 188
3.4332 566.0 188
3.7299 566.0 188
4.0265 566.0 188
4.3396 564.0 188
4.6362 562.0 188
4.9329 560.0 188
5.2789 558.0 188
5.5920 558.0 188
5.8887 556.0 188
6.1853 554.0 188
6.4819 554.0 188
6.7786 554.0 188
7.0752 554.0 188
7.3718 552.0 188
7.6685 552.0 188
7.9651 552.0 188
8.2617 550.0 188
8.5748 550.0 188
8.8715 548.0 188
9.2175 546.0 188
9.5142 546.0 188
9.7614 548.0 188
10.0580 548.0 188
10.4205 546.0 188
10.7172 544.0 188
11.0138 542.0 188
11.3104 542.0 188
11.6071 542.0 188
11.9037 540.0 188
12.2168 540.0 188
12.5134 538.0 188
12.8101 538.0 188
13.1067 538.0 188
13.4033 538.0 188
13.7000 540.0 188
13.9966 540.0 188
14.2932 538.0 188
14.5898 536.0 188
14.9030 536.0 188
15.2490 534.0 188
15.5457 534.0 188
15.8423 534.0 188
16.1554 534.0 188
16.4520 532.0 188
16.7487 532.0 188
17.0453 532.0 188
17.3419 532.0 188
17.6385 530.0 188
17.9352 530.0 188
18.2318 530.0 188
18.5284 530.0 188
18.8416 532.0 188
19.1382 530.0 188
19.4348 530.0 188
19.7314 530.0 188
20.0281 530.0 188
20.3247 530.0 188
20.6213 530.0 188
20.9180 530.0 188
21.2311 530.0 188
21.5277 530.0 188
21.8243 530.0 188
22.1210 530.0 188
22.4176 530.0 188
22.7142 530.0 188
23.0109 530.0 188
23.3075 530.0 188
23.6041 528.0 188
23.9172 528.0 188
24.2139 528.0 188
24.5105 528.0 188
24.8071 528.0 188
25.1093 528.0 188
25.4059 528.0 188
25.7025 528.0 188
25.9991 528.0 188
26.2958 528.0 188
26.6089 528.0 188
26.9055 528.0 188
27.2021 528.0 188
27.4988 528.0 188
27.7954 526.0 188
28.0920 524.0 188
28.4491 522.0 188
28.6853 528.0 188
28.9819 534.0 188
29.2291 536.0 188
29.5313 536.0 188
29.8279 536.0 188
30.1849 534.0 188
30.4816 534.0 188
30.7782 534.0 188
31.0748 534.0 188
31.3715 534.0 188
31.6846 534.0 188
31.9812 534.0 188
32.2778 534.0 188
32.5745 534.0 188
32.8711 530.0 188
33.1677 530.0 188
33.4644 532.0 188
33.7170 542.0 188
33.9478 548.0 188
34.3103 544.0 188
34.6069 538.0 188
34.9640 534.0 188
35.2606 530.0 188
35.5573 528.0 188
35.8594 524.0 188
36.2164 522.0 188
36.5131 520.0 188
36.8097 518.0 188
37.1063 516.0 188
37.4194 514.0 188
37.7161 514.0 188
38.0731 512.0 188
38.3698 512.0 188
38.6719 510.0 188
38.9685 506.0 188
39.2651 504.0 188
39.5728 502.0 188
39.9188 501.0 188
40.2155 499.0 188
40.5286 498.0 188
40.8252 497.0 188
41.1218 495.0 188
41.4185 494.0 188
41.7151 492.0 188
42.0776 491.0 188
42.3743 490.0 188
42.6874 489.0 188
42.9840 487.0 188
43.2806 485.0 188
43.5773 484.0 188
43.8739 483.0 188
44.1870 483.0 188
44.4836 483.0 188
44.8242 482.0 188
45.1373 480.0 188
45.4340 479.0 188
45.7306 477.0 188
46.0272 477.0 188
46.3239 476.0 188
46.6370 475.0 188
46.9336 474.0 188
47.2302 474.0 188
47.5269 473.0 188
47.8894 472.0 188
48.1366 473.0 188
49.0265 474.0 188
49.9219 1012.0 188
50.2185 1008.0 188
50.5151 1008.0 188
50.8118 1006.0 188
51.1249 1002.0 188
51.4215 1000.0 188
51.7181 1000.0 188
52.0148 998.0 188
52.3114 996.0 188
52.6245 996.0 188
52.9211 994.0 188
53.2178 992.0 188
53.5144 990.0 188
53.8110 988.0 188
54.1077 986.0 188
54.4208 986.0 188
54.7174 984.0 188
55.0745 982.0 188
55.3711 982.0 188
55.6677 980.0 188
55.9644 980.0 188
56.2610 978.0 188
56.5741 978.0 188
56.8707 978.0 188
57.1674 976.0 188
57.4640 974.0 188
57.7606 974.0 188
58.0573 972.0 188
58.3704 970.0 188
58.6670 968.0 188
58.9636 968.0 188
59.2603 968.0 188
59.5624 966.0 188
59.8700 966.0 188
60.1666 964.0 188
60.4688 964.0 188
60.7654 964.0 188
61.0620 962.0 188
61.3696 962.0 188
61.6718 962.0 188
61.9684 960.0 188
62.2650 960.0 188
62.5616 960.0 188
62.8583 958.0 188
63.1714 958.0 188
63.4680 958.0 188
63.7646 958.0 188
64.0613 956.0 188
64.3579 956.0 188
64.6545 956.0 188
64.9512 956.0 188
65.2478 954.0 188
65.5609 954.0 188
65.8575 954.0 188
66.1542 954.0 188
66.4508 952.0 188
66.7474 952.0 188
67.0441 952.0 188
67.3407 952.0 188
67.6373 952.0 188
67.9340 952.0 188
68.2306 952.0 188
68.5272 952.0 188
68.8239 952.0 188
69.1370 952.0 188
71.1365 544.0 188
71.4496 542.0 188
71.7462 540.0 188
72.0428 536.0 188
72.3889 528.0 188
72.7460 520.0 188
73.0426 516.0 188
73.3392 516.0 188
73.7018 512.0 188
73.9984 508.0 188
74.2950 507.0 188
74.5917 507.0 188
74.8883 509.0 188
75.1849 508.0 188
75.4816 507.0 188
75.7782 505.0 188
76.0913 504.0 188
76.3879 503.0 188
76.7340 501.0 188
77.0306 500.0 188
77.3273 498.0 188
77.6404 498.0 188
77.9370 499.0 188
78.2336 499.0 188
78.5303 498.0 188
78.8269 498.0 188
79.1235 497.0 188
79.4202 495.0 188
79.7168 495.0 188
80.0134 495.0 188
80.3101 495.0 188
80.6067 496.0 188
80.9033 498.0 188
81.2164 499.0 188
81.5131 500.0 188
81.8097 501.0 188
82.1063 501.0 188
82.4030 501.0 188
82.6392 502.0 188
82.9358 502.0 188
83.2489 503.0 188
83.5455 503.0 188
83.8422 504.0 188
84.1388 505.0 188
84.4354 507.0 188
84.7321 508.0 188
85.0287 508.0 188
85.3253 509.0 188
85.6219 511.0 188
85.8746 513.0 188
86.1713 514.0 188
86.4679 514.0 188
86.7645 516.0 188
87.0612 516.0 188
87.3578 518.0 188
87.6544 518.0 188
87.9510 520.0 188
88.2477 522.0 188
88.4949 524.0 188
88.7915 528.0 188
89.0936 530.0 188
89.3903 530.0 188
89.6869 532.0 188
89.9341 536.0 188
90.2307 538.0 188
90.5273 538.0 188
90.8240 542.0 188
91.1206 544.0 188
91.4172 546.0 188
91.6699 548.0 188
91.9666 550.0 188
92.2632 554.0 188
92.5598 556.0 188
92.7960 560.0 188
93.0927 566.0 188
93.4058 570.0 188
93.6365 576.0 188
93.9331 584.0 188
94.1858 590.0 188
94.4824 594.0 188
95.0757 596.0 188
95.7623 764.0 188
96.0590 762.0 188
96.3556 756.0 188
96.6687 752.0 188
96.9653 754.0 188
97.2620 754.0 188
97.5586 756.0 188
97.7948 770.0 188
98.1079 792.0 188
98.3386 800.0 188
98.9978 790.0 188
99.4647 722.0 188
99.7614 720.0 188
100.0580 720.0 188
100.3546 720.0 188
100.9039 724.0 188
101.6235 814.0 188
101.9366 818.0 188
102.1674 820.0 188
102.4640 822.0 188
102.7606 826.0 188
103.0573 828.0 188
103.3594 830.0 188
103.6670 832.0 188
104.3097 806.0 188
104.6228 806.0 188
104.9194 806.0 188
105.2161 806.0 188
105.5127 806.0 188
105.8093 806.0 188
106.1060 806.0 188
106.4026 808.0 188
106.8860 852.0 188
107.1826 864.0 188
107.4957 866.0 188
107.7924 870.0 188
108.0890 874.0 188
108.3856 876.0 188
108.6218 880.0 188
108.9349 882.0 188
109.2316 886.0 188
109.5282 890.0 188
109.8248 892.0 188
110.4181 896.0 188
111.2915 760.0 188
111.5936 756.0 188
111.8903 750.0 188
112.2473 738.0 188
112.5439 738.0 188
112.8406 740.0 188
113.1372 740.0 188
113.4503 742.0 188
113.6865 746.0 188
113.9832 754.0 188
114.2798 750.0 188
114.5764 746.0 188
114.8895 746.0 188
115.1862 750.0 188
115.4828 756.0 188
115.7794 762.0 188
116.0156 770.0 188
116.3232 784.0 188
116.5594 794.0 188
116.8561 796.0 188
117.1527 800.0 188
117.4493 804.0 188
117.7625 804.0 188
118.0591 808.0 188
118.3557 810.0 188
118.6523 812.0 188
119.5422 816.0 188
119.8389 818.0 188
120.0916 820.0 188
120.3882 820.0 188
120.6848 822.0 188
120.9814 824.0 188
121.2781 826.0 188
121.5747 828.0 188
122.1844 832.0 188
122.4811 834.0 188
123.0743 840.0 188
123.3105 852.0 188
123.6072 856.0 188
123.9038 862.0 188
124.2004 866.0 188
124.8102 874.0 188
125.2332 982.0 188
125.5298 982.0 188
126.1835 912.0 188
126.4801 914.0 188
126.7767 918.0 188
127.3700 924.0 188
127.6666 932.0 188
127.9688 944.0 188
128.2159 958.0 188
128.5126 966.0 188
128.8092 970.0 188
129.1058 976.0 188
129.4025 978.0 188
129.6991 980.0 188
129.9353 984.0 188
131.0120 1098.0 188
131.3251 1094.0 188
131.6217 1090.0 188
131.9183 1092.0 188
132.2150 1098.0 188
132.5116 1104.0 188
132.8082 1108.0 188
133.1049 1114.0 188
133.3411 1120.0 188
133.6377 1126.0 188
133.9343 1134.0 188
134.2474 1140.0 188
134.5441 1146.0 188
134.8407 1152.0 188
135.1373 1158.0 188
135.4340 1164.0 188
135.7306 1170.0 188
135.9668 1178.0 188
136.2634 1184.0 188
136.5601 1180.0 188
136.8732 1182.0 188
137.4664 1194.0 188
137.7631 1216.0 188
138.5925 1234.0 188
139.2297 2632.0 188
139.5264 2656.0 188
139.8230 2688.0 188
140.9821 1286.0 188
141.2787 1284.0 188
141.5753 1282.0 188
141.8719 1280.0 188
142.1686 1280.0 188
142.4652 1276.0 188
142.7618 1272.0 188
143.0585 1274.0 188
144.1846 3392.0 188
144.4812 3436.0 188
144.7778 3480.0 188
145.0140 3560.0 188
145.3107 3616.0 188
145.6073 3600.0 188
145.9039 3576.0 188
146.2170 3568.0 188
146.5137 3568.0 188
146.8103 3572.0 188
147.7496 3220.0 188
148.0463 3212.0 188
148.3594 3208.0 188
148.6560 3208.0 188
148.9526 3204.0 188
149.2493 3200.0 188
149.5459 3196.0 188
149.8425 3192.0 188
150.1392 3188.0 188
150.4358 3180.0 188
150.7324 3180.0 188
151.0455 3160.0 188
151.3422 3156.0 188
151.6388 3168.0 188
151.9354 3168.0 188
152.2321 3160.0 188
153.4680 1860.0 188
155.9180 594.0 188
156.2311 590.0 188
156.5277 588.0 188
156.8738 582.0 188
157.1704 576.0 188
157.5275 570.0 188
157.8241 560.0 188
158.1866 552.0 188
158.5437 544.0 188
158.8403 536.0 188
159.1864 530.0 188
159.4995 524.0 188
159.8401 518.0 188
160.1367 516.0 188
160.4498 516.0 188
160.7465 514.0 188
161.0925 510.0 188
161.3892 507.0 188
161.7023 502.0 188
162.0428 499.0 188
162.3395 496.0 188
162.6526 493.0 188
162.9492 492.0 188
163.2953 491.0 188
163.5919 490.0 188
163.9050 489.0 188
164.2017 489.0 188
164.4983 489.0 188
169.5905 540.0 188
169.8871 538.0 188
170.1837 536.0 188
170.5463 534.0 188
170.8429 534.0 188
171.1395 534.0 188
171.4362 532.0 188
171.7328 532.0 188
172.3260 530.0 188
174.7485 335.0 188
175.0891 331.0 188
175.4022 328.0 188
175.7483 325.0 188
176.1053 323.0 188
176.4020 321.0 188
176.7645 319.0 188
177.0612 317.0 188
177.3578 316.0 188
177.6544 316.0 188
178.0115 314.0 188
178.3081 313.0 188
178.6047 312.0 188
178.9673 311.0 188
179.2639 311.0 188
179.5605 310.0 188
179.8572 309.0 188
180.1538 309.0 188
180.4504 309.0 188
180.7471 309.0 188
181.0602 309.0 188
181.3568 309.0 188
181.6534 308.0 188
181.9501 308.0 188
182.2467 308.0 188
182.5433 309.0 188
182.8400 308.0 188
183.1366 308.0 188
183.4332 309.0 188
183.7299 309.0 188
183.9661 312.0 188
184.2627 313.0 188
184.5593 312.0 188
184.9219 308.0 188
185.2625 306.0 188
185.5591 306.0 188
185.8118 308.0 188
186.1084 308.0 188
186.4050 308.0 188
186.7017 308.0 188
186.9983 309.0 188
187.2949 310.0 188
187.5311 312.0 188
187.8278 313.0 188
188.1244 313.0 188
188.4210 314.0 188
188.7177 314.0 188
189.0143 314.0 188
189.3109 314.0 188
189.6075 315.0 188
189.8438 317.0 188
190.1404 317.0 188
190.4370 318.0 188
190.7336 318.0 188
191.0303 319.0 188
191.3269 319.0 188
191.6235 319.0 188
191.8707 320.0 188
192.1674 321.0 188
192.4640 322.0 188
192.7606 323.0 188
192.9968 324.0 188
193.2935 324.0 188
193.5901 325.0 188
193.8867 326.0 188
194.1833 327.0 188
194.4360 328.0 188
194.7327 328.0 188
195.0293 328.0 188
195.3259 329.0 188
195.6226 332.0 188
195.8588 335.0 188
196.1060 337.0 188
196.4026 337.0 188
196.6992 338.0 188
196.9958 338.0 188
197.2925 340.0 188
197.5287 343.0 188
197.8253 345.0 188
198.0615 347.0 188
198.3582 349.0 188
198.6053 352.0 188
198.9020 354.0 188
199.1986 356.0 188
199.4348 360.0 188
199.6875 362.0 188
199.9841 367.0 188
200.1544 373.0 188
203.2031 2784.0 188
203.4998 2792.0 188
203.7964 2796.0 188
204.0930 2804.0 188
204.3896 2812.0 188
204.6863 2828.0 188
204.9829 2844.0 188
205.5762 2960.0 188
205.8728 2940.0 188
206.1694 2916.0 188
206.4661 2896.0 188
206.7627 2880.0 188
207.0758 2860.0 188
207.3724 2836.0 188
207.6691 2824.0 188
207.9657 2804.0 188
208.2623 2780.0 188
208.5590 2760.0 188
208.8556 2740.0 188
209.2181 2720.0 188
209.5148 2708.0 188
209.8114 2696.0 188
210.1080 2684.0 188
210.4047 2664.0 188
210.7013 2636.0 188
210.9979 2616.0 188
211.2946 2604.0 188
211.5912 2592.0 188
211.8878 2580.0 188
212.2009 2552.0 188
212.4976 2516.0 188
212.7942 2504.0 188
213.0908 2496.0 188
213.3875 2488.0 188
213.6841 2476.0 188
213.9807 2464.0 188
214.3433 2452.0 188
214.6399 2444.0 188
214.9365 2432.0 188
215.2332 2420.0 188
215.5298 2408.0 188
215.8264 2396.0 188
216.1230 2384.0 188
216.4197 2372.0 188
216.7163 2360.0 188
217.0129 2328.0 188
217.3096 2336.0 188
217.6227 2344.0 188
217.9193 2320.0 188
218.2159 2312.0 188
218.5126 2300.0 188
218.8092 2288.0 188
219.1058 2280.0 188
219.4025 2268.0 188
219.6991 2256.0 188
219.9957 2244.0 188
220.2924 2240.0 188
221.5448 2184.0 188
221.8414 2172.0 188
222.1381 2164.0 188
222.4347 2160.0 188
222.7478 2168.0 188
223.0444 2164.0 188
223.3411 2156.0 188
223.6377 2144.0 188
223.9343 2132.0 188
224.2310 2128.0 188
224.5276 2124.0 188
224.8242 2116.0 188
225.1208 2108.0 188
225.4175 2100.0 188
225.7141 2096.0 188
226.0107 2088.0 188
226.3239 2076.0 188
226.6205 2064.0 188
226.9171 2060.0 188
227.2137 2056.0 188
227.5104 2052.0 188
227.8729 2048.0 188
228.1696 2042.0 188
228.4662 2034.0 188
228.7628 2026.0 188
229.0594 2020.0 188
229.3561 2012.0 188
229.6527 2004.0 188
229.9493 1998.0 188
230.2460 1994.0 188
231.1359 1966.0 188
231.4490 1976.0 188
231.7456 1968.0 188
232.0422 1960.0 188
232.3389 1954.0 188
232.6355 1948.0 188
232.9321 1944.0 188
233.2343 1940.0 188
233.5309 1932.0 188
233.8275 1928.0 188
234.1241 1924.0 188
234.4208 1916.0 188
234.7339 1912.0 188
235.0305 1906.0 188
235.3271 1900.0 188
235.6238 1898.0 188
235.9204 1896.0 188
236.2170 1892.0 188
236.5741 1890.0 188
244.1986 1450.0 188
244.8578 1446.0 188
245.4510 1442.0 188
245.7477 1438.0 188
246.0443 1436.0 188
246.3409 1432.0 188
246.6376 1430.0 188
246.9342 1428.0 188
247.2308 1424.0 188
247.5275 1422.0 188
247.8241 1418.0 188
248.1372 1414.0 188
248.4338 1408.0 188
248.7305 1406.0 188
249.0271 1404.0 188
249.3237 1400.0 188
249.6204 1398.0 188
249.9170 1396.0 188
250.2136 1394.0 188
250.5103 1392.0 188
251.1090 1388.0 188
251.4166 1382.0 188
251.7188 1378.0 188
252.0154 1376.0 188
252.3120 1374.0 188
252.6086 1372.0 188
252.9053 1370.0 188
253.2019 1368.0 188
253.5590 1366.0 188
253.8556 1362.0 188
254.1522 1358.0 188
254.7455 1358.0 188
255.4211 1734.0 188
255.7178 1734.0 188
256.0144 1734.0 188
256.3110 1732.0 188
256.6241 1720.0 188
256.9208 1700.0 188
257.2174 1700.0 188
257.5140 1712.0 188
257.8107 1718.0 188
258.1073 1724.0 188
258.4039 1728.0 188
258.7006 1728.0 188
258.9972 1728.0 188
259.2938 1730.0 188
259.5905 1730.0 188
259.9036 1728.0 188
260.2002 1728.0 188
260.4968 1726.0 188
260.7935 1722.0 188
261.0901 1722.0 188
261.3867 1722.0 188
261.6833 1718.0 188
261.9800 1726.0 188
262.2766 1734.0 188
262.5732 1732.0 188
262.8699 1730.0 188
263.1830 1732.0 188
263.4796 1734.0 188
263.7762 1734.0 188
264.0729 1734.0 188
264.3750 1734.0 188
268.5443 524.0 188
268.8409 526.0 188
269.1376 528.0 188
269.4342 528.0 188
269.7308 528.0 188
270.0275 528.0 188
270.3241 528.0 188
270.6372 528.0 188
270.9338 528.0 188
271.2305 532.0 188
271.4667 544.0 188
272.3071 554.0 188
273.5596 1782.0 188
273.8562 1780.0 188
274.1528 1782.0 188
274.4495 1784.0 188
274.7461 1786.0 188
275.0427 1788.0 188
275.3394 1790.0 188
275.6360 1792.0 188
275.9326 1794.0 188
276.2292 1798.0 188
276.5259 1800.0 188
276.8280 1802.0 188
277.1246 1806.0 188
277.4213 1810.0 188
277.7344 1812.0 188
278.0310 1816.0 188
278.3276 1820.0 188
278.6243 1826.0 188
278.9209 1830.0 188
279.2175 1832.0 188
279.5142 1836.0 188
280.9973 1844.0 188
281.2939 1852.0 188
281.5906 1856.0 188
281.9037 1858.0 188
282.2003 1864.0 188
282.4969 1868.0 188
282.7936 1872.0 188
283.0902 1876.0 188
283.3868 1880.0 188
283.6835 1886.0 188
283.9197 1892.0 188
284.2328 1894.0 188
284.5294 1898.0 188
284.8260 1902.0 188
285.1227 1906.0 188
285.4193 1912.0 188
285.7159 1916.0 188
286.0126 1920.0 188
286.3092 1926.0 188
286.6058 1932.0 188
286.9025 1936.0 188
287.1991 1940.0 188
287.4957 1946.0 188
287.7924 1950.0 188
288.1055 1954.0 188
288.4021 1962.0 188
288.6987 1968.0 188
288.9954 1974.0 188
289.2920 1978.0 188
289.5886 1980.0 188
289.8853 1978.0 188
290.1874 1968.0 188
290.4840 1964.0 188
290.7806 1964.0 188
291.0773 1964.0 188
291.3739 1966.0 188
291.6705 1966.0 188
291.9836 1982.0 188
292.2803 1996.0 188
292.5769 1990.0 188
292.8735 2016.0 188
293.1207 2050.0 188
293.4174 2056.0 188
293.7140 2060.0 188
294.0106 2068.0 188
294.3073 2076.0 188
294.6094 2080.0 188
294.9060 2092.0 188
295.2136 2100.0 188
295.5103 2104.0 188
295.8124 2112.0 188
296.1090 2120.0 188
296.4056 2124.0 188
296.7023 2132.0 188
297.0154 2140.0 188
297.3120 2152.0 188
297.6086 2160.0 188
297.9053 2172.0 188
298.2019 2180.0 188
298.4985 2188.0 188
298.8116 2192.0 188
299.1083 2196.0 188
299.4049 2208.0 188
299.7015 2220.0 188
299.9982 2224.0 188
300.2454 2236.0 188
300.5420 2244.0 188
300.9045 2228.0 188
301.1353 2240.0 188
301.7340 2268.0 188
303.3710 1028.0 188
304.6234 1012.0 188
304.4366 2372.0 188
305.3265 2364.0 188
305.6396 2344.0 188
305.9363 2324.0 188
306.2329 2312.0 188
306.8262 2300.0 188
307.1228 2284.0 188
307.4194 2272.0 188
308.0292 2264.0 188
309.6552 1046.0 188
310.7153 922.0 188
310.7813 2188.0 188
313.1378 1134.0 188
313.4674 2128.0 188
314.8737 1180.0 188
316.2140 858.0 188
317.7301 1038.0 188
318.6200 1036.0 188
321.5149 461.0 188
321.8115 462.0 188
322.1082 463.0 188
322.4048 463.0 188
322.6520 464.0 188
322.9486 466.0 188
323.2452 466.0 188
323.5419 467.0 188
323.8385 467.0 188
324.1406 468.0 188
324.4482 469.0 188
324.7449 470.0 188
325.0415 471.0 188
325.3436 472.0 188
325.6403 472.0 188
325.8875 473.0 188
326.1841 474.0 188
326.4807 475.0 188
326.7773 476.0 188
327.0740 476.0 188
327.3871 478.0 188
327.6837 479.0 188
327.9803 478.0 188
328.2770 479.0 188
328.5736 480.0 188
328.8702 480.0 188
329.1669 481.0 188
329.4196 483.0 188
329.7162 484.0 188
330.0128 485.0 188
330.3259 486.0 188
330.6226 487.0 188
330.9192 488.0 188
331.2158 489.0 188
331.5125 490.0 188
331.8091 491.0 188
332.0618 493.0 188
332.3584 494.0 188
332.6550 495.0 188
332.9517 498.0 188
333.2648 498.0 188
333.5614 498.0 188
333.8580 499.0 188
334.1547 500.0 188
334.4513 501.0 188
334.6985 503.0 188
334.9951 505.0 188
335.2917 506.0 188
335.5884 506.0 188
335.8905 507.0 188
336.1981 509.0 188
336.4948 512.0 188
336.7969 512.0 188
337.0276 514.0 188
337.3407 516.0 188
337.6373 518.0 188
337.9340 520.0 188
338.2306 522.0 188
338.5272 522.0 188
338.7799 524.0 188
339.0765 526.0 188
339.3732 528.0 188
339.6698 530.0 188
339.9664 530.0 188
340.2631 532.0 188
340.5762 534.0 188
340.8124 536.0 188
341.1090 538.0 188
341.4166 540.0 188
341.7188 542.0 188
342.0154 544.0 188
342.3120 546.0 188
342.5592 548.0 188
342.8558 550.0 188
343.1525 552.0 188
343.4491 554.0 188
343.7457 556.0 188
344.0424 558.0 188
344.2950 560.0 188
344.5917 562.0 188
344.8883 566.0 188
345.1849 568.0 188
345.4980 570.0 188
345.7343 572.0 188
346.0309 574.0 188
346.3275 576.0 188
346.6406 580.0 188
346.9373 582.0 188
347.2339 584.0 188
347.4646 586.0 188
347.7777 590.0 188
348.0743 592.0 188
348.3710 596.0 188
348.6237 600.0 188
348.9203 602.0 188
349.2169 604.0 188
349.5135 608.0 188
349.8102 610.0 188
350.1068 614.0 188
351.0132 614.0 188
352.7490 626.0 188
353.0457 620.0 188
353.3423 618.0 188
353.6389 616.0 188
